p_x = 16.53;
T_x = 1386;
